   0.0000000       1.0000000       1.4600000       26.786478       13.036087    
  5.00000007E-02  0.99911207       1.4587038       26.762695       13.029099    
  0.10000000      0.99645108       1.4548187       26.691418       13.008314    
  0.15000001      0.99202561       1.4483575       26.572874       12.973700    
  0.20000000      0.98584980       1.4393408       26.407446       12.925314    
  0.25000000      0.97794324       1.4277972       26.195656       12.863244    
  0.30000001      0.96833128       1.4137638       25.938185       12.787694    
  0.34999999      0.95704454       1.3972850       25.635851       12.698841    
  0.40000001      0.94411880       1.3784136       25.289621       12.596871    
  0.45000002      0.92959529       1.3572092       24.900585       12.481997    
  0.50000000      0.91352004       1.3337393       24.469984       12.354484    
  0.55000001      0.89594394       1.3080782       23.999184       12.214640    
  0.60000002      0.87692249       1.2803068       23.489666       12.062759    
  0.65000004      0.85651577       1.2505130       22.943041       11.899194    
  0.69999999      0.83478773       1.2187901       22.361021       11.724304    
  0.75000000      0.81180662       1.1852378       21.745440       11.538495    
  0.80000001      0.78764421       1.1499606       21.098215       11.342166    
  0.85000002      0.76237577       1.1130686       20.421362       11.135756    
  0.90000004      0.73607957       1.0746762       19.716980       10.919724    
  0.94999999      0.70883703       1.0349020       18.987246       10.694541    
   1.0000000      0.68073171      0.99386835       18.234406       10.460706    
   1.0500001      0.65184981      0.95170069       17.460760       10.218724    
   1.1000000      0.62227917      0.90852761       16.668669       9.9691248    
   1.1500000      0.59210938      0.86447978       15.860526       9.7124424    
   1.2000000      0.56143117      0.81968957       15.038765       9.4492273    
   1.2500000      0.53033632      0.77429110       14.205843       9.1800404    
   1.3000001      0.49891710      0.72841895       13.364232       8.9054508    
   1.3500000      0.46726617      0.68220860       12.516416       8.6260347    
   1.4000000      0.43547595      0.63579488       11.664866       8.3423748    
   1.4500000      0.40363845      0.58931214       10.812053       8.0550575    
   1.5000000      0.37184513      0.54289389       9.9604216       7.7646699    
   1.5500001      0.34018612      0.49667177       9.1123886       7.4718008    
   1.6000000      0.30875045      0.45077568       8.2703381       7.1770391    
   1.6500000      0.27762532      0.40533298       7.4366045       6.8809695    
   1.7000000      0.24689561      0.36046761       6.6134644       6.5841737    
   1.7500000      0.21664441      0.31630084       5.8031411       6.2872267    
   1.8000001      0.18695179      0.27294964       5.0077801       5.9906993    
   1.8500000      0.15789536      0.23052724       4.2294612       5.6951489    
   1.9000000      0.12954940      0.18914212       3.4701722       5.4011273    
   1.9500000      0.10198452      0.14889741       2.7318063       5.1091719    
   2.0000000      7.52683356E-02  0.10989177       2.0161736       4.8198094    
   2.0500000      4.94642183E-02  7.22177625E-02   1.3249722       4.5335493    
   2.1000001      2.46315878E-02  3.59621197E-02  0.65979350       4.2508883    
   2.1500001      8.25891388E-04  1.20580150E-03  2.21227221E-02   3.9723074    
   2.2000000     -2.19020285E-02 -3.19769643E-02 -0.58667827       3.6982667    
   2.2500000     -4.35057506E-02 -6.35183975E-02  -1.1653658       3.4292092    
   2.3000000     -6.39434755E-02 -9.33574811E-02  -1.7128206       3.1655576    
   2.3500001     -8.31782147E-02 -0.12144019      -2.2280514       2.9077134    
   2.4000001     -0.10117762     -0.14771932      -2.7101922       2.6560593    
   2.4500000     -0.11791442     -0.17215505      -3.1585121       2.4109521    
   2.5000000     -0.13336623     -0.19471470      -3.5724113       2.1727271    
   2.5500000     -0.14751562     -0.21537282      -3.9514239       1.9416960    
   2.6000001     -0.16035017     -0.23411126      -4.2952166       1.7181453    
   2.6500001     -0.17186238     -0.25091907      -4.6035881       1.5023384    
   2.7000000     -0.18204969     -0.26579255      -4.8764701       1.2945126    
   2.7500000     -0.19091453     -0.27873522      -5.1139278       1.0948794    
   2.8000000     -0.19846389     -0.28975728      -5.3161488      0.90362668    
   2.8500001     -0.20470987     -0.29887640      -5.4834566      0.72091234    
   2.9000001     -0.20966882     -0.30611646      -5.6162891      0.54687423    
   2.9500000     -0.21336176     -0.31150818      -5.7152104      0.38162044    
   3.0000000     -0.21581404     -0.31508851      -5.7808986      0.22523481    
   3.0500000     -0.21705522     -0.31690061      -5.8141451      7.77753666E-02
   3.1000001     -0.21711883     -0.31699350      -5.8158488     -6.07255474E-02
   3.1500001     -0.21604225     -0.31542173      -5.7870116     -0.19025777    
   3.2000000     -0.21386652     -0.31224516      -5.7287316     -0.31083831    
   3.2500000     -0.21063611     -0.30752870      -5.6421995     -0.42250633    
   3.3000000     -0.20639858     -0.30134192      -5.5286913     -0.52532661    
   3.3500001     -0.20120451     -0.29375860      -5.3895607     -0.61938494    
   3.4000001     -0.19510727     -0.28485662      -5.2262368     -0.70478779    
   3.4500000     -0.18816255     -0.27471733      -5.0402122     -0.78166491    
   3.5000000     -0.18042830     -0.26342532      -4.8330388     -0.85016578    
   3.5500000     -0.17196438     -0.25106800      -4.6063199     -0.91045982    
   3.6000001     -0.16283223     -0.23773506      -4.3617020     -0.96273458    
   3.6500001     -0.15309487     -0.22351852      -4.1008725      -1.0071949    
   3.7000000     -0.14281622     -0.20851170      -3.8255436      -1.0440629    
   3.7500000     -0.13206109     -0.19280919      -3.5374517      -1.0735766    
   3.8000000     -0.12089486     -0.17650650      -3.2383475      -1.0959877    
   3.8500001     -0.10938293     -0.15969910      -2.9299836      -1.1115624    
   3.9000001     -9.75910872E-02 -0.14248300      -2.6141214      -1.1205782    
   3.9500000     -8.55845138E-02 -0.12495339      -2.2925076      -1.1233243    
   4.0000000     -7.34279230E-02 -0.10720477      -1.9668754      -1.1200994    
   4.0500002     -6.11851178E-02 -8.93302783E-02  -1.6389340      -1.1112118    
   4.0999999     -4.89191413E-02 -7.14219511E-02  -1.3103715      -1.0969764    
   4.1500001     -3.66911404E-02 -5.35690710E-02 -0.98282653      -1.0777153    
   4.2000003     -2.45612487E-02 -3.58594209E-02 -0.65790933      -1.0537553    
   4.2500000     -1.25875501E-02 -1.83778238E-02 -0.33717611      -1.0254282    
   4.3000002     -8.25888652E-04 -1.20579742E-03 -2.21226495E-02 -0.99306691    
   4.3499999      1.06695890E-02  1.55776003E-02  0.28580073     -0.95700771    
   4.4000001      2.18477640E-02  3.18977349E-02  0.58522469     -0.91758591    
   4.4500003      3.26596759E-02  4.76831309E-02  0.87483776     -0.87513739    
   4.5000000      4.30591516E-02  6.28663599E-02   1.1534030     -0.82999641    
   4.5500002      5.30033596E-02  7.73849115E-02   1.4197735     -0.78249252    
   4.5999999      6.24520071E-02  9.11799371E-02   1.6728694     -0.73295420    
   4.6500001      7.13684931E-02  0.10419800       1.9117106     -0.68170226    
   4.7000003      7.97190964E-02  0.11638988       2.1353939     -0.62905389    
   4.7500000      8.74737352E-02  0.12771165       2.3431134     -0.57531840    
   4.8000002      9.46057290E-02  0.13812438       2.5341544     -0.52079737    
   4.8499999      0.10109191      0.14759418       2.7078962     -0.46578464    
   4.9000001      0.10691281      0.15609270       2.8638175     -0.41056305    
   4.9500003      0.11205237      0.16359647       3.0014884     -0.35540700    
   5.0000000      0.11649818      0.17008735       3.1205761     -0.30058035    
   5.0500002      0.12024161      0.17555276       3.2208495     -0.24633333    
   5.0999999      0.12327740      0.17998500       3.3021674     -0.19290696    
   5.1500001      0.12560400      0.18338184       3.3644888     -0.14052688    
   5.2000003      0.12722322      0.18574591       3.4078622     -8.94081593E-02
   5.2500000      0.12814039      0.18708496       3.4324298     -3.97513881E-02
   5.3000002      0.12836413      0.18741164       3.4384229      8.25757347E-03
   5.3499999      0.12790634      0.18674326       3.4261603      5.44447750E-02
   5.4000001      0.12678201      0.18510175       3.3960438      9.86530781E-02
   5.4500003      0.12500919      0.18251343       3.3485560      0.14073803    
   5.5000000      0.12260879      0.17900884       3.2842577      0.18057011    
   5.5500002      0.11960442      0.17462246       3.2037814      0.21803509    
   5.5999999      0.11602235      0.16939263       3.1078303      0.25303265    
   5.6500001      0.11189105      0.16336094       2.9971671      0.28547928    
   5.7000003      0.10724150      0.15657260       2.8726223      0.31530273    
   5.7500000      0.10210653      0.14907555       2.7350745      0.34244749    
   5.8000002      9.65209156E-02  0.14092055       2.5854557      0.36687130    
   5.8499999      9.05210450E-02  0.13216072       2.4247401      0.38854647    
   5.9000001      8.41447711E-02  0.12285137       2.2539423      0.40745813    
   5.9500003      7.74312317E-02  0.11304960       2.0741100      0.42360538    
   6.0000000      7.04205707E-02  0.10281404       1.8863192      0.43700004    
   6.0500002      6.31537810E-02  9.22045186E-02   1.6916673      0.44766590    
   6.0999999      5.56724854E-02  8.12818259E-02   1.4912698      0.45563939    
   6.1500001      4.80186939E-02  7.01072887E-02   1.2862517      0.46096778    
   6.2000003      4.02345359E-02  5.87424263E-02   1.0777416      0.46370986    
   6.2500000      3.23625281E-02  4.72492948E-02  0.86687821      0.46393397    
   6.3000002      2.44442541E-02  3.56886126E-02  0.65477550      0.46171901    
   6.3499999      1.65217016E-02  2.41216831E-02  0.44255817      0.45715222    
   6.4000001      8.63541476E-03  1.26077067E-02  0.23131238      0.45032990    
   6.4500003      8.25858675E-04  1.20575365E-03  2.21218448E-02  0.44135565    
   6.5000000     -6.86781667E-03 -1.00270119E-02 -0.18396463      0.43034053    
   6.5500002     -1.44079262E-02 -2.10355725E-02 -0.38593760      0.41740167    
   6.5999999     -2.17574351E-02 -3.17658521E-02 -0.58280504      0.40266231    
   6.6500001     -2.88815890E-02 -4.21671234E-02 -0.77363610      0.38624990    
   6.7000003     -3.57466266E-02 -5.21900728E-02 -0.95752621      0.36829698    
   6.7500000     -4.23209593E-02 -6.17886037E-02  -1.1336294      0.34893927    
   6.8000002     -4.85748425E-02 -7.09192678E-02  -1.3011489      0.32831520    
   6.8499999     -5.44805750E-02 -7.95416459E-02  -1.4593428      0.30656552    
   6.9000001     -6.00126199E-02 -8.76184329E-02  -1.6075268      0.28383228    
   6.9500003     -6.51477128E-02 -9.51156542E-02  -1.7450776      0.26025832    
   7.0000000     -6.98648989E-02 -0.10200275      -1.8714346      0.23598652    
   7.0500002     -7.41456673E-02 -0.10825267      -1.9861014      0.21115914    
   7.0999999     -7.79739842E-02 -0.11384202      -2.0886486      0.18591718    
   7.1500001     -8.13363269E-02 -0.11875103      -2.1787136      0.16039982    
   7.2000003     -8.42217579E-02 -0.12296377      -2.2560046      0.13474351    
   7.2500000     -8.66218060E-02 -0.12646784      -2.3202929      0.10908281    
   7.3000002     -8.85307789E-02 -0.12925495      -2.3714280      8.35466087E-02
   7.3499999     -8.99453834E-02 -0.13132025      -2.4093201      5.82621619E-02
   7.4000001     -9.08650309E-02 -0.13266295      -2.4339542      3.33496593E-02
   7.4500003     -9.12915617E-02 -0.13328569      -2.4453795      8.92652851E-03
   7.5000000     -9.12293717E-02 -0.13319489      -2.4437137     -1.48965837E-02
   7.5500002     -9.06852782E-02 -0.13240051      -2.4291394     -3.80144864E-02
   7.5999999     -8.96684974E-02 -0.13091600      -2.4019034     -6.03278875E-02
   7.6500001     -8.81904587E-02 -0.12875807      -2.3623118     -8.17451701E-02
   7.7000003     -8.62649307E-02 -0.12594680      -2.3107338     -0.10217968    
   7.7500000     -8.39077085E-02 -0.12250526      -2.2475920     -0.12155297    
   7.8000002     -8.11366290E-02 -0.11845948      -2.1733646     -0.13979349    
   7.8499999     -7.79714137E-02 -0.11383827      -2.0885797     -0.15683705    
   7.9000001     -7.44335651E-02 -0.10867301      -1.9938132     -0.17262697    
   7.9500003     -7.05462396E-02 -0.10299751      -1.8896853     -0.18711415    
   8.0000000     -6.63340762E-02 -9.68477577E-02  -1.7768564     -0.20025712    
   8.0500002     -6.18230999E-02 -9.02617276E-02  -1.6560230     -0.21202216    
   8.1000004     -5.70404716E-02 -8.32790881E-02  -1.5279133     -0.22238307    
   8.1500006     -5.20146191E-02 -7.59413466E-02  -1.3932885     -0.23132108    
   8.1999998     -4.67747487E-02 -6.82911351E-02  -1.2529309     -0.23882513    
   8.2500000     -4.13506888E-02 -6.03720061E-02  -1.1076393     -0.24489172    
   8.3000002     -3.57729718E-02 -5.22285402E-02 -0.95823193     -0.24952430    
   8.3500004     -3.00727151E-02 -4.39061634E-02 -0.80554211     -0.25273314    
   8.4000006     -2.42810864E-02 -3.54503840E-02 -0.65040475     -0.25453579    
   8.4499998     -1.84295028E-02 -2.69070733E-02 -0.49366146     -0.25495628    
   8.5000000     -1.25490967E-02 -1.83216799E-02 -0.33614612     -0.25402474    
   8.5500002     -6.67093741E-03 -9.73956846E-03 -0.17869091     -0.25177756    
   8.6000004     -8.25877534E-04 -1.20578124E-03 -2.21223515E-02 -0.24825670    
   8.6500006      4.95605776E-03  7.23584509E-03  0.13275534     -0.24350965    
   8.6999998      1.06450655E-02  1.55417947E-02  0.28514379     -0.23758899    
   8.7500000      1.62128974E-02  2.36708298E-02  0.43428642     -0.23055157    
   8.8000002      2.16315147E-02  3.15820128E-02  0.57943207     -0.22245908    
   8.8500004      2.68743336E-02  3.92365269E-02  0.71986872     -0.21337679    
   8.9000006      3.19159664E-02  4.65973094E-02  0.85491633     -0.20337357    
   8.9499998      3.67320813E-02  5.36288396E-02  0.98392320     -0.19252157    
   9.0000000      4.13001813E-02  6.02982640E-02   1.1062864     -0.18089512    
   9.0500002      4.55990210E-02  6.65745735E-02   1.2214372     -0.16857126    
   9.1000004      4.96091247E-02  7.24293292E-02   1.3288538     -0.15562853    
   9.1500006      5.33125438E-02  7.78363124E-02   1.4280553     -0.14214735    
   9.1999998      5.66932298E-02  8.27721134E-02   1.5186119     -0.12820888    
   9.2500000      5.97370639E-02  8.72161165E-02   1.6001456     -0.11389439    
   9.3000002      6.24317117E-02  9.11503062E-02   1.6723258     -9.92857367E-02
   9.3500004      6.47667348E-02  9.45594385E-02   1.7348728     -8.44648480E-02
   9.4000006      6.67337626E-02  9.74312946E-02   1.7875626     -6.95124865E-02
   9.4499998      6.83263689E-02  9.97565016E-02   1.8302230     -5.45087419E-02
   9.5000000      6.95402175E-02  0.10152873       1.8627378     -3.95315103E-02
   9.5500002      7.03728646E-02  0.10274439       1.8850412     -2.46581119E-02
   9.6000004      7.08239377E-02  0.10340295       1.8971238     -9.96298809E-03
   9.6500006      7.08950385E-02  0.10350676       1.8990285      4.48186044E-03
   9.6999998      7.05897287E-02  0.10306100       1.8908501      1.86062306E-02
   9.7500000      6.99134544E-02  0.10207365       1.8727354      3.23448069E-02
   9.8000002      6.88735917E-02  0.10055545       1.8448809      4.56337109E-02
   9.8500004      6.74792826E-02  9.85197499E-02   1.8075323      5.84135465E-02
   9.9000006      6.57414123E-02  9.59824622E-02   1.7609810      7.06286505E-02
   9.9499998      6.36726320E-02  9.29620489E-02   1.7055657      8.22267085E-02
   10.000000      6.12870529E-02  8.94791037E-02   1.6416643      9.31604877E-02
   10.050000      5.86003810E-02  8.55565593E-02   1.5696979      0.10338644    
   10.100000      5.56296743E-02  8.12193304E-02   1.4901232      0.11286578    
   10.150001      5.23934104E-02  7.64943808E-02   1.4034350      0.12156381    
   10.200000      4.89112139E-02  7.14103729E-02   1.3101592      0.12945086    
   10.250000      4.52036858E-02  6.59973770E-02   1.2108475      0.13650201    
   10.300000      4.12924811E-02  6.02870248E-02   1.1060802      0.14269695    
   10.350000      3.72002311E-02  5.43123372E-02  0.99646318      0.14801988    
   10.400001      3.29501294E-02  4.81071882E-02  0.88261789      0.15246005    
   10.450000      2.85660829E-02  4.17064838E-02  0.76518482      0.15601125    
   10.500000      2.40722988E-02  3.51455547E-02  0.64481211      0.15867206    
   10.550000      1.94934327E-02  2.84604114E-02  0.52216041      0.16044553    
   10.600000      1.48544768E-02  2.16875356E-02  0.39789909      0.16133901    
   10.650001      1.01802656E-02  1.48631884E-02  0.27269346      0.16136447    
   10.700000      5.49594732E-03  8.02408345E-03  0.14721708      0.16053793    
   10.750000      8.25884403E-04  1.20579125E-03  2.21225359E-02  0.15887950    
   10.800000     -3.80525552E-03 -5.55567350E-03 -0.10192940      0.15641314    
   10.850000     -8.37353710E-03 -1.22253643E-02 -0.22429758      0.15316655    
   10.900001     -1.28555670E-02 -1.87691282E-02 -0.34435537      0.14917085    
   10.950000     -1.72283854E-02 -2.51534432E-02 -0.46148780      0.14446051    
   11.000000     -2.14702133E-02 -3.13465148E-02 -0.57511145      0.13907281    
   11.050000     -2.55597476E-02 -3.73172350E-02 -0.68465567      0.13304813    
   11.100000     -2.94769071E-02 -4.30362858E-02 -0.78958261      0.12642917    
   11.150001     -3.32026295E-02 -4.84758392E-02 -0.88938159      0.11926097    
   11.200000     -3.67189273E-02 -5.36096320E-02 -0.98357075      0.11159081    
   11.250000     -4.00094241E-02 -5.84137663E-02  -1.0717117      0.10346691    
   11.300000     -4.30585444E-02 -6.28654733E-02  -1.1533868      9.49400589E-02
   11.350000     -4.58524525E-02 -6.69445843E-02  -1.2282257      8.60615373E-02
   11.400001     -4.83786836E-02 -7.06328824E-02  -1.2958946      7.68836811E-02
   11.450000     -5.06262854E-02 -7.39143863E-02  -1.3561000      6.74594864E-02
   11.500000     -5.25858440E-02 -7.67753348E-02  -1.4085897      5.78422546E-02
   11.550000     -5.42495474E-02 -7.92043433E-02  -1.4531544      4.80853878E-02
   11.600000     -5.56111857E-02 -8.11923370E-02  -1.4896278      3.82420905E-02
   11.650001     -5.66661842E-02 -8.27326328E-02  -1.5178875      2.83650886E-02
   11.700000     -5.74116185E-02 -8.38209689E-02  -1.5378551      1.85064152E-02
   11.750000     -5.78462034E-02 -8.44554603E-02  -1.5494961      8.71708244E-03
   11.800000     -5.79702817E-02 -8.46366137E-02  -1.5528197     -9.53069248E-04
   11.850000     -5.77858314E-02 -8.43673125E-02  -1.5478789     -1.04556652E-02
   11.900001     -5.72964177E-02 -8.36527720E-02  -1.5347693     -1.97439976E-02
   11.950000     -5.65071814E-02 -8.25004876E-02  -1.5136285     -2.87732426E-02
   12.000000     -5.54247871E-02 -8.09201896E-02  -1.4846349     -3.75006236E-02
   12.050000     -5.40573671E-02 -7.89237544E-02  -1.4480065     -4.58856560E-02
   12.100000     -5.24144955E-02 -7.65251666E-02  -1.4039998     -5.38902655E-02
   12.150001     -5.05070537E-02 -7.37403035E-02  -1.3529062     -6.14791662E-02
   12.200000     -4.83474173E-02 -7.05872327E-02  -1.2950571     -6.86189681E-02
   12.250000     -4.59488854E-02 -6.70853704E-02  -1.2308089     -7.52803385E-02
   12.300000     -4.33260910E-02 -6.32560924E-02  -1.1605533     -8.14360827E-02
   12.350000     -4.04946916E-02 -5.91222458E-02  -1.0847101     -8.70622694E-02
   12.400001     -3.74712124E-02 -5.47079705E-02  -1.0037218     -9.21382308E-02
   12.450000     -3.42733860E-02 -5.00391424E-02 -0.91806328     -9.66458172E-02
   12.500000     -3.09192277E-02 -4.51420732E-02 -0.82821727     -0.10057101    
   12.550000     -2.74277590E-02 -4.00445275E-02 -0.73469305     -0.10390247    
   12.600000     -2.38183867E-02 -3.47748473E-02 -0.63801074     -0.10663228    
   12.650001     -2.01112684E-02 -2.93624531E-02 -0.53871006     -0.10875547    
   12.700000     -1.63267348E-02 -2.38370337E-02 -0.43733576     -0.11027059    
   12.750000     -1.24851633E-02 -1.82283372E-02 -0.33443353     -0.11117928    
   12.800000     -8.60725809E-03 -1.25665972E-02 -0.23055814     -0.11148629    
   12.850000     -4.71396185E-03 -6.88238442E-03 -0.12627044     -0.11119923    
   12.900001     -8.25833704E-04 -1.20571721E-03 -2.21211780E-02 -0.11032890    
   12.950000      3.03655164E-03  4.43336554E-03  8.13385248E-02 -0.10888883    
   13.000000      6.85321447E-03  1.00056930E-02  0.18357348     -0.10689525    
   13.050000      1.06043629E-02  1.54823717E-02  0.28405356     -0.10436701    
   13.100000      1.42705087E-02  2.08349433E-02  0.38225669     -0.10132556    
   13.150001      1.78330503E-02  2.60362551E-02  0.47768465     -9.77945775E-02
   13.200000      2.12738849E-02  3.10598724E-02  0.56985247     -9.38000083E-02
   13.250000      2.45760363E-02  3.58810164E-02  0.65830547     -8.93694460E-02
   13.300000      2.77228560E-02  4.04753722E-02  0.74259770     -8.45328867E-02
   13.350000      3.06989904E-02  4.48205248E-02  0.82231784     -7.93215781E-02
   13.400001      3.34899984E-02  4.88953963E-02  0.89707911     -7.37684146E-02
   13.450000      3.60825323E-02  5.26804999E-02  0.96652406     -6.79074973E-02
   13.500000      3.84643748E-02  5.61579913E-02   1.0303252     -6.17740154E-02
   13.550000      4.06245105E-02  5.93117885E-02   1.0881877     -5.54041266E-02
   13.600000      4.25531678E-02  6.21276237E-02   1.1398494     -4.88346182E-02
   13.650001      4.42418605E-02  6.45931140E-02   1.1850836     -4.21027802E-02
   13.700000      4.56834286E-02  6.66978061E-02   1.2236983     -3.52462269E-02
   13.750000      4.68720533E-02  6.84332028E-02   1.2555373     -2.83026658E-02
   13.800000      4.78033051E-02  6.97928295E-02   1.2804822     -2.13097017E-02
   13.850000      4.84741181E-02  7.07722157E-02   1.2984509     -1.43046631E-02
   13.900001      4.88828309E-02  7.13689327E-02   1.3093989     -7.32440827E-03
   13.950000      4.90291677E-02  7.15825930E-02   1.3133188     -4.05134604E-04
   14.000000      4.89142351E-02  7.14147836E-02   1.3102401      6.41778903E-03
   14.050000      4.85404953E-02  7.08691254E-02   1.3002290      1.31099904E-02
   14.100000      4.79117669E-02  6.99511841E-02   1.2833875      1.96382683E-02
   14.150001      4.70331535E-02  6.86684102E-02   1.2598525      2.59708967E-02
   14.200000      4.59111258E-02  6.70302436E-02   1.2297975      3.20769511E-02
   14.250000      4.45532575E-02  6.50477558E-02   1.1934248      3.79281081E-02
   14.300000      4.29683961E-02  6.27338588E-02   1.1509720      4.34970930E-02
   14.350000      4.11664993E-02  6.01030886E-02   1.1027055      4.87586446E-02
   14.400001      3.91585417E-02  5.71714751E-02   1.0489194      5.36895990E-02
   14.450000      3.69567312E-02  5.39568253E-02  0.98994070      5.82682714E-02
   14.500000      3.45738716E-02  5.04778549E-02  0.92611229      6.24758862E-02
   14.550000      3.20238620E-02  4.67548370E-02  0.85780644      6.62953630E-02
   14.600000      2.93212496E-02  4.28090282E-02  0.78541303      6.97120726E-02
   14.650001      2.64815036E-02  3.86629961E-02  0.70934623      7.27133974E-02
   14.700000      2.35205777E-02  3.43400463E-02  0.63003343      7.52892643E-02
   14.750000      2.04547886E-02  2.98639927E-02  0.54791176      7.74320811E-02
   14.800000      1.73010454E-02  2.52595283E-02  0.46343410      7.91364089E-02
   14.850000      1.40767731E-02  2.05520913E-02  0.37706721      8.03991184E-02
   14.900001      1.07994108E-02  1.57671403E-02  0.28927818      8.12195316E-02
   14.950000      7.48672476E-03  1.09306183E-02  0.20054299      8.15992504E-02
   15.000000      4.15620487E-03  6.06805971E-03  0.11133011      8.15422088E-02
   15.050000      8.25836149E-04  1.20572094E-03  2.21212432E-02  8.10544416E-02
   15.100000     -2.48686154E-03 -3.63081810E-03 -6.66142702E-02  8.01442042E-02
   15.150001     -5.76449092E-03 -8.41615722E-03 -0.15441041      7.88218677E-02
   15.200000     -8.98986869E-03 -1.31252073E-02 -0.24080691      7.70998150E-02
   15.250000     -1.21465335E-02 -1.77339390E-02 -0.32536289      7.49922097E-02
   15.300000     -1.52179953E-02 -2.22182740E-02 -0.40763652      7.25152344E-02
   15.350000     -1.81886517E-02 -2.65554320E-02 -0.48720992      6.96866736E-02
   15.400001     -2.10434478E-02 -3.07234339E-02 -0.56367981      6.65259510E-02
   15.450000     -2.37680394E-02 -3.47013399E-02 -0.63666207      6.30539358E-02
   15.500000     -2.63488553E-02 -3.84693295E-02 -0.70579308      5.92928827E-02
   15.550000     -2.87731774E-02 -4.20088395E-02 -0.77073210      5.52662276E-02
   15.600000     -3.10291853E-02 -4.53026108E-02 -0.83116263      5.09985499E-02
   15.650001     -3.31060253E-02 -4.83347997E-02 -0.88679385      4.65153083E-02
   15.700000     -3.49938534E-02 -5.10910302E-02 -0.93736213      4.18428108E-02
   15.750000     -3.66838910E-02 -5.35584837E-02 -0.98263228      3.70079800E-02
   15.800000     -3.81684490E-02 -5.57259358E-02  -1.0223984      3.20382714E-02
   15.850000     -3.94409709E-02 -5.75838163E-02  -1.0564847      2.69614942E-02
   15.900001     -4.04960625E-02 -5.91242500E-02  -1.0847470      2.18056664E-02
   15.950000     -4.13295105E-02 -6.03410862E-02  -1.1070720      1.65988617E-02
   16.000000     -4.19382900E-02 -6.12299033E-02  -1.1233791      1.13690728E-02
   16.050001     -4.23205867E-02 -6.17880598E-02  -1.1336195      6.14393223E-03
   16.100000     -4.24757712E-02 -6.20146245E-02  -1.1377764      9.51244088E-04
   16.150000     -4.24044505E-02 -6.19105026E-02  -1.1358659     -4.18250822E-03
   16.200001     -4.21083830E-02 -6.14782386E-02  -1.1279353     -9.23106447E-03
   16.250000     -4.15905528E-02 -6.07222095E-02  -1.1140645     -1.41685484E-02
   16.300001     -4.08550091E-02 -5.96483164E-02  -1.0943619     -1.89708788E-02
   16.350000     -3.99070568E-02 -5.82643002E-02  -1.0689695     -2.36139633E-02
   16.400000     -3.87529358E-02 -5.65792881E-02  -1.0380547     -2.80757081E-02
   16.450001     -3.73999998E-02 -5.46040051E-02  -1.0018144     -3.23348381E-02
   16.500000     -3.58567275E-02 -5.23508228E-02 -0.96047550     -3.63710821E-02
   16.550001     -3.41322757E-02 -4.98331226E-02 -0.91428345     -4.01663445E-02
   16.600000     -3.22369933E-02 -4.70660143E-02 -0.86351562     -4.37032543E-02
   16.650000     -3.01819518E-02 -4.40656506E-02 -0.80846822     -4.69663180E-02
   16.700001     -2.79788170E-02 -4.08490747E-02 -0.74945402     -4.99419086E-02
   16.750000     -2.56403666E-02 -3.74349356E-02 -0.68681514     -5.26174828E-02
   16.800001     -2.31795367E-02 -3.38421240E-02 -0.62089819     -5.49828261E-02
   16.850000     -2.06102747E-02 -3.00910026E-02 -0.55207676     -5.70289902E-02
   16.900000     -1.79468282E-02 -2.62023676E-02 -0.48073229     -5.87489791E-02
   16.950001     -1.52036389E-02 -2.21973136E-02 -0.40725198     -6.01377189E-02
   17.000000     -1.23959845E-02 -1.80981364E-02 -0.33204478     -6.11916557E-02
   17.050001     -9.53881536E-03 -1.39266709E-02 -0.25551128     -6.19092807E-02
   17.100000     -6.64776703E-03 -9.70574003E-03 -0.17807028     -6.22906834E-02
   17.150000     -3.73834581E-03 -5.45798475E-03 -0.10013712     -6.23377562E-02
   17.200001     -8.25833122E-04 -1.20571640E-03 -2.21211612E-02 -6.20541759E-02
   17.250000      2.07410590E-03  3.02819465E-03  5.55579923E-02 -6.14452474E-02
   17.300001      4.94634081E-03  7.22165778E-03  0.13249505     -6.05178922E-02
   17.350000      7.77560147E-03  1.13523789E-02  0.20828098     -5.92807531E-02
   17.400000      1.05473055E-02  1.53990658E-02  0.28252518     -5.77438548E-02
   17.450001      1.32472478E-02  1.93409827E-02  0.35484710     -5.59186228E-02
   17.500000      1.58613287E-02  2.31575426E-02  0.42486918     -5.38180694E-02
   17.550001      1.83763336E-02  2.68294476E-02  0.49223724     -5.14562801E-02
   17.600000      2.07793135E-02  3.03377975E-02  0.55660462     -4.88488451E-02
   17.650000      2.30583735E-02  3.36652286E-02  0.61765265     -4.60120887E-02
   17.700001      2.52020806E-02  3.67950350E-02  0.67507499     -4.29635756E-02
   17.750000      2.71998476E-02  3.97117771E-02  0.72858810     -3.97217646E-02
   17.800001      2.90419608E-02  4.24012654E-02  0.77793193     -3.63057852E-02
   17.850000      3.07193995E-02  4.48503233E-02  0.82286453     -3.27358395E-02
   17.900000      3.22243385E-02  4.70475368E-02  0.86317658     -2.90321913E-02
   17.950001      3.35497558E-02  4.89826463E-02  0.89867985     -2.52158064E-02
   18.000000      3.46895382E-02  5.06467260E-02  0.92921054     -2.13083327E-02
   18.050001      3.56387906E-02  5.20326346E-02  0.95463777     -1.73309613E-02
   18.100000      3.63934450E-02  5.31344302E-02  0.97485232     -1.33058140E-02
   18.150000      3.69506441E-02  5.39479405E-02  0.98977768     -9.25431680E-03
   18.200001      3.73085067E-02  5.44704236E-02  0.99936354     -5.19808568E-03
   18.250000      3.74662094E-02  5.47006689E-02   1.0035878     -1.15885830E-03
   18.300001      3.74240316E-02  5.46390899E-02   1.0024581      2.84269243E-03
   18.350000      3.71832922E-02  5.42876050E-02  0.99600941      6.78548310E-03
   18.400000      3.67463306E-02  5.36496453E-02  0.98430479      1.06496885E-02
   18.450001      3.61165181E-02  5.27301170E-02  0.96743435      1.44157978E-02
   18.500000      3.52982841E-02  5.15354984E-02  0.94551677      1.80647299E-02
   18.550001      3.42969038E-02  5.00734784E-02  0.91869330      2.15789136E-02
   18.600000      3.31187323E-02  4.83533554E-02  0.88713431      2.49409936E-02
   18.650000      3.17709781E-02  4.63856310E-02  0.85103261      2.81348918E-02
   18.700001      3.02615780E-02  4.41819057E-02  0.81060117      3.11458148E-02
   18.750000      2.85995472E-02  4.17553410E-02  0.76608115      3.39595415E-02
   18.800001      2.67943367E-02  3.91197316E-02  0.71772593      3.65636237E-02
   18.850000      2.48563979E-02  3.62903439E-02  0.66581535      3.89463492E-02
   18.900000      2.27967203E-02  3.32832113E-02  0.61064386      4.10975218E-02
   18.950001      2.06266921E-02  3.01149711E-02  0.55251646      4.30083983E-02
   19.000000      1.83585584E-02  2.68034972E-02  0.49176115      4.46712747E-02
   19.050001      1.60047971E-02  2.33670045E-02  0.42871216      4.60800268E-02
   19.100000      1.35783330E-02  1.98243670E-02  0.36371574      4.72299084E-02
   19.150000      1.10924663E-02  1.61950011E-02  0.29712811      4.81175296E-02
   19.200001      8.56048428E-03  1.24983070E-02  0.22930522      4.87409942E-02
   19.250000      5.99624123E-03  8.75451230E-03  0.16061820      4.90997024E-02
   19.300001      3.41335940E-03  4.98350523E-03  9.14318860E-02  4.91945110E-02
   19.350000      8.25825846E-04  1.20570580E-03  2.21209675E-02  4.90276590E-02
   19.400000     -1.75275770E-03 -2.55902624E-03 -4.69502062E-02  4.86027263E-02
   19.450001     -4.30890499E-03 -6.29100157E-03 -0.11542039      4.79245596E-02
   19.500000     -6.82898425E-03 -9.97031759E-03 -0.18292443      4.69993912E-02
   19.550001     -9.29995347E-03 -1.35779325E-02 -0.24911301      4.58345525E-02
   19.600000     -1.17087783E-02 -1.70948170E-02 -0.31363696      4.44387347E-02
   19.650000     -1.40431989E-02 -2.05030721E-02 -0.37616786      4.28215452E-02
   19.700001     -1.62911564E-02 -2.37850882E-02 -0.43638271      4.09937873E-02
   19.750000     -1.84411742E-02 -2.69241147E-02 -0.49397412      3.89672518E-02
   19.800001     -2.04824042E-02 -2.99043115E-02 -0.54865152      3.67545523E-02
   19.850000     -2.24044211E-02 -3.27104554E-02 -0.60013556      3.43694091E-02
   19.900000     -2.41977908E-02 -3.53287756E-02 -0.64817363      3.18259709E-02
   19.950001     -2.58536432E-02 -3.77463214E-02 -0.69252807      2.91392189E-02
   20.000000     -2.73637641E-02 -3.99510972E-02 -0.73297894      2.63249632E-02
   20.050001     -2.87210345E-02 -4.19327132E-02 -0.76933539      2.33990457E-02
   20.100000     -2.99188830E-02 -4.36815694E-02 -0.80142146      2.03782953E-02
   20.150000     -3.09518464E-02 -4.51896973E-02 -0.82909107      1.72793735E-02
   20.200001     -3.18152569E-02 -4.64502759E-02 -0.85221875      1.41193876E-02
   20.250000     -3.25053111E-02 -4.74577583E-02 -0.87070286      1.09158596E-02
   20.300001     -3.30192819E-02 -4.82081547E-02 -0.88447028      7.68579124E-03
   20.350000     -3.33552584E-02 -4.86986749E-02 -0.89346987      4.44681849E-03
   20.400000     -3.35123613E-02 -4.89280485E-02 -0.89767814      1.21586968E-03
   20.450001     -3.34906206E-02 -4.88963090E-02 -0.89709580     -1.99008686E-03
   20.500000     -3.32910344E-02 -4.86049131E-02 -0.89174962     -5.15412772E-03
   20.550001     -3.29155102E-02 -4.80566435E-02 -0.88169056     -8.26029107E-03
   20.600000     -3.23669091E-02 -4.72556911E-02 -0.86699557     -1.12925060E-02
   20.650000     -3.16489972E-02 -4.62075397E-02 -0.84776521     -1.42354853E-02
   20.700001     -3.07663418E-02 -4.49188575E-02 -0.82412189     -1.70747880E-02
   20.750000     -2.97244992E-02 -4.33977693E-02 -0.79621464     -1.97961330E-02
   20.800001     -2.85296571E-02 -4.16532978E-02 -0.76420903     -2.23865733E-02
   20.850000     -2.71889735E-02 -3.96959037E-02 -0.72829688     -2.48334799E-02
   20.900000     -2.57102661E-02 -3.75369899E-02 -0.68868750     -2.71253195E-02
   20.950001     -2.41019130E-02 -3.51887941E-02 -0.64560539     -2.92516556E-02
   21.000000     -2.23732311E-02 -3.26649174E-02 -0.59930009     -3.12026031E-02
   21.050001     -2.05337759E-02 -2.99793147E-02 -0.55002755     -3.29697505E-02
   21.100000     -1.85939707E-02 -2.71471981E-02 -0.49806699     -3.45453434E-02
   21.150000     -1.65645797E-02 -2.41842885E-02 -0.44370678     -3.59228998E-02
   21.200001     -1.44566307E-02 -2.11066809E-02 -0.38724223     -3.70971076E-02
   21.250000     -1.22818295E-02 -1.79314725E-02 -0.32898697     -3.80635932E-02
   21.300001     -1.00519145E-02 -1.46757960E-02 -0.26925540     -3.88192348E-02
   21.350000     -7.77914235E-03 -1.13575486E-02 -0.20837583     -3.93619649E-02
   21.400000     -5.47565334E-03 -7.99445342E-03 -0.14667347     -3.96909639E-02
   21.450001     -3.15368385E-03 -4.60437825E-03 -8.44760835E-02 -3.98064777E-02
   21.500000     -8.25815077E-04 -1.20569009E-03 -2.21206788E-02 -3.97098698E-02
   21.550001      1.49570068E-03  2.18372303E-03  4.00645547E-02 -3.94036025E-02
   21.600000      3.79839959E-03  5.54566365E-03  0.10174575     -3.88912633E-02
   21.650000      6.07033726E-03  8.86269286E-03  0.16260296     -3.81774418E-02
   21.700001      8.29954445E-03  1.21173356E-02  0.22231558     -3.72677483E-02
   21.750000      1.04743959E-02  1.52926184E-02  0.28057218     -3.61688137E-02
   21.800001      1.25836609E-02  1.83721446E-02  0.33707196     -3.48881260E-02
   21.850000      1.46162873E-02  2.13397797E-02  0.39151886     -3.34342048E-02
   21.900000      1.65620092E-02  2.41805352E-02  0.44363794     -3.18162292E-02
   21.950001      1.84108503E-02  2.68798415E-02  0.49316183     -3.00442558E-02
   22.000000      2.01534852E-02  2.94240899E-02  0.53984094     -2.81290021E-02
   22.050001      2.17810217E-02  3.18002887E-02  0.58343685     -2.60820128E-02
   22.100000      2.32855193E-02  3.39968614E-02  0.62373710     -2.39151139E-02
   22.150000      2.46593952E-02  3.60027179E-02  0.66053838     -2.16410272E-02
   22.200001      2.58960985E-02  3.78083028E-02  0.69366533     -1.92725100E-02
   22.250000      2.69895494E-02  3.94047424E-02  0.72295499     -1.68231595E-02
   22.300001      2.79347114E-02  4.07846794E-02  0.74827260     -1.43063944E-02
   22.350000      2.87271347E-02  4.19416167E-02  0.76949877     -1.17363632E-02
   22.400000      2.93633509E-02  4.28704917E-02  0.78654081     -9.12699476E-03
   22.450001      2.98407022E-02  4.35674265E-02  0.79932731     -6.49228506E-03
   22.500000      3.01573277E-02  4.40297015E-02  0.80780870     -3.84651497E-03
   22.550001      3.03122588E-02  4.42559011E-02  0.81195867     -1.20375806E-03
   22.600000      3.03053968E-02  4.42458838E-02  0.81177491      1.42191001E-03
   22.650000      3.01375035E-02  4.40007560E-02  0.80727762      4.01690463E-03
   22.700001      2.98101604E-02  4.35228348E-02  0.79850918      6.56791776E-03
   22.750000      2.93258373E-02  4.28157225E-02  0.78553587      9.06158891E-03
   22.800001      2.86877453E-02  4.18841094E-02  0.76844370      1.14855086E-02
   22.850000      2.79000066E-02  4.07340080E-02  0.74734294      1.38272215E-02
   22.900000      2.69673765E-02  3.93723734E-02  0.72236109      1.60753187E-02
   22.950001      2.58954689E-02  3.78073901E-02  0.69364852      1.82186067E-02
   23.000000      2.46906467E-02  3.60483453E-02  0.66137552      2.02465616E-02
   23.050001      2.33597513E-02  3.41052376E-02  0.62572551      2.21496876E-02
   23.100000      2.19105314E-02  3.19893770E-02  0.58690596      2.39188001E-02
   23.150000      2.03511193E-02  2.97126360E-02  0.54513484      2.55458113E-02
   23.200001      1.86901763E-02  2.72876583E-02  0.50064403      2.70234197E-02
   23.250000      1.69371255E-02  2.47282032E-02  0.45368594      2.83449478E-02
   23.300001      1.51014803E-02  2.20481604E-02  0.40451548      2.95048840E-02
   23.350000      1.31935272E-02  1.92625485E-02  0.35340813      3.04983649E-02
   23.400000      1.12234987E-02  1.63863096E-02  0.30063802      3.13216671E-02
   23.450001      9.20221303E-03  1.34352325E-02  0.24649489      3.19718160E-02
   23.500000      7.14072213E-03  1.04254549E-02  0.19127481      3.24468352E-02
   23.550001      5.04992111E-03  7.37288548E-03  0.13526961      3.27457488E-02
   23.600000      2.94124731E-03  4.29422129E-03  7.87856579E-02  3.28684375E-02
   23.650000      8.25856405E-04  1.20575028E-03  2.21217833E-02  3.28157581E-02
   23.700001     -1.28510874E-03 -1.87625876E-03 -3.44235376E-02  3.25894617E-02
   23.750000     -3.38024530E-03 -4.93515795E-03 -9.05448645E-02  3.21922153E-02
   23.800001     -5.44871949E-03 -7.95513019E-03 -0.14595200      3.16275246E-02
   23.850000     -7.47955637E-03 -1.09201530E-02 -0.20035100      3.08997910E-02
   23.900000     -9.46203433E-03 -1.38145713E-02 -0.25345460      3.00142635E-02
   23.950001     -1.13860415E-02 -1.66236218E-02 -0.30499196      2.89768633E-02
   24.000000     -1.32414103E-02 -1.93324592E-02 -0.35469076      2.77944356E-02
   24.050001     -1.50187733E-02 -2.19274107E-02 -0.40230006      2.64743231E-02
   24.100000     -1.67088378E-02 -2.43949052E-02 -0.44757095      2.50247754E-02
   24.150000     -1.83030926E-02 -2.67225150E-02 -0.49027541      2.34544706E-02
   24.200001     -1.97935458E-02 -2.88985763E-02 -0.53019941      2.17726175E-02
   24.250000     -2.11726334E-02 -3.09120473E-02 -0.56714034      1.99891087E-02
   24.300001     -2.24334914E-02 -3.27529013E-02 -0.60091430      1.81141980E-02
   24.350000     -2.35698596E-02 -3.44119966E-02 -0.63135356      1.61586627E-02
   24.400000     -2.45762877E-02 -3.58813815E-02 -0.65831226      1.41334115E-02
   24.450001     -2.54480075E-02 -3.71540934E-02 -0.68166250      1.20496098E-02
   24.500000     -2.61808503E-02 -3.82240415E-02 -0.70129275      9.91897099E-03
   24.550001     -2.67715733E-02 -3.90864983E-02 -0.71711618      7.75292329E-03
   24.600000     -2.72175539E-02 -3.97376269E-02 -0.72906244      5.56343328E-03
   24.650000     -2.75170617E-02 -4.01749127E-02 -0.73708516      3.36204562E-03
   24.700001     -2.76690684E-02 -4.03968394E-02 -0.74115688      1.16072362E-03
   24.750000     -2.76733804E-02 -4.04031388E-02 -0.74127245     -1.02911738E-03
   24.800001     -2.75305565E-02 -4.01946157E-02 -0.73744673     -3.19587393E-03
   24.850000     -2.72419732E-02 -3.97732817E-02 -0.72971648     -5.32815978E-03
   24.900000     -2.68097352E-02 -3.91422138E-02 -0.71813846     -7.41508743E-03
   24.950001     -2.62366869E-02 -3.83055620E-02 -0.70278847     -9.44608822E-03
   25.000000     -2.55264901E-02 -3.72686759E-02 -0.68376470     -1.14106545E-02
   25.050001     -2.46833880E-02 -3.60377468E-02 -0.66118103     -1.32991290E-02
   25.100000     -2.37124767E-02 -3.46202143E-02 -0.63517374     -1.51019311E-02
   25.150000     -2.26193145E-02 -3.30242030E-02 -0.60589182     -1.68104004E-02
   25.200001     -2.14102399E-02 -3.12589519E-02 -0.57350498     -1.84161384E-02
   25.250000     -2.00922005E-02 -2.93346141E-02 -0.53819931     -1.99113935E-02
   25.300001     -1.86724849E-02 -2.72618290E-02 -0.50017017     -2.12892853E-02
   25.350000     -1.71591844E-02 -2.50524096E-02 -0.45963416     -2.25433074E-02
   25.400000     -1.55606233E-02 -2.27185097E-02 -0.41681430     -2.36678720E-02
   25.450001     -1.38855362E-02 -2.02728827E-02 -0.37194464     -2.46580970E-02
   25.500000     -1.21432897E-02 -1.77292023E-02 -0.32527596     -2.55096890E-02
   25.550001     -1.03432126E-02 -1.51010901E-02 -0.27705824     -2.62193270E-02
   25.600000     -8.49517807E-03 -1.24029620E-02 -0.22755593     -2.67843101E-02
   25.650000     -6.60928339E-03 -9.64955427E-03 -0.17703943     -2.72027515E-02
   25.700001     -4.69549047E-03 -6.85541658E-03 -0.12577567     -2.74736211E-02
   25.750000     -2.76426785E-03 -4.03583096E-03 -7.40450025E-02 -2.75966097E-02
   25.800001     -8.25733820E-04 -1.20557135E-03 -2.21185014E-02 -2.75722221E-02
   25.850000      1.10958994E-03  1.62000128E-03  2.97220070E-02 -2.74017248E-02
   25.900000      3.03154299E-03  4.42605279E-03  8.12043622E-02 -2.70871557E-02
   25.950001      4.93007246E-03  7.19790533E-03  0.13205928     -2.66312603E-02
   26.000000      6.79499190E-03  9.92068741E-03  0.18201390     -2.60375757E-02
   26.050001      8.61672312E-03  1.25804152E-02  0.23081166     -2.53102537E-02
   26.100000      1.03856614E-02  1.51630659E-02  0.27819532     -2.44541876E-02
   26.150000      1.20925298E-02  1.76550951E-02  0.32391632     -2.34749354E-02
   26.200001      1.37286820E-02  2.00438760E-02  0.36774307     -2.23785285E-02
   26.250000      1.52855292E-02  2.23168731E-02  0.40944552     -2.11717691E-02
   26.300001      1.67552698E-02  2.44626943E-02  0.44881466     -1.98617559E-02
   26.350000      1.81302782E-02  2.64702067E-02  0.48564631     -1.84563436E-02
   26.400000      1.94036961E-02  2.83293948E-02  0.51975667     -1.69636253E-02
   26.450001      2.05691997E-02  3.00310329E-02  0.55097646     -1.53920734E-02
   26.500000      2.16209423E-02  3.15665789E-02  0.57914895     -1.37506844E-02
   26.550001      2.25537680E-02  3.29285040E-02  0.60413605     -1.20486571E-02
   26.600000      2.33631302E-02  3.41101699E-02  0.62581599     -1.02955569E-02
   26.650000      2.40452494E-02  3.51060666E-02  0.64408761     -8.50095600E-03
   26.700001      2.45970078E-02  3.59116308E-02  0.65886718     -6.67456631E-03
   26.750000      2.50159018E-02  3.65232192E-02  0.67008793     -4.82648099E-03
   26.800001      2.53002495E-02  3.69383655E-02  0.67770457     -2.96645262E-03
   26.850000      2.54490133E-02  3.71555611E-02  0.68168944     -1.10460783E-03
   26.900000      2.54619233E-02  3.71744111E-02  0.68203527      7.49378465E-04
   26.950001      2.53394041E-02  3.69955301E-02  0.67875344      2.58565438E-03
   27.000000      2.50826236E-02  3.66206318E-02  0.67187524      4.39453684E-03
   27.050001      2.46934164E-02  3.60523909E-02  0.66144973      6.16684090E-03
   27.100000      2.41743810E-02  3.52945961E-02  0.64754653      7.89327081E-03
   27.150000      2.35287324E-02  3.43519486E-02  0.63025188      9.56511870E-03
   27.200001      2.27603223E-02  3.32300700E-02  0.60966891      1.11740204E-02
   27.250000      2.18737610E-02  3.19356881E-02  0.58592099      1.27117475E-02
   27.300001      2.08740979E-02  3.04761827E-02  0.55914354      1.41708506E-02
   27.350000      1.97671615E-02  2.88600549E-02  0.52949262      1.55440159E-02
   27.400000      1.85591020E-02  2.70962920E-02  0.49713302      1.68247595E-02
   27.450001      1.72567628E-02  2.51948759E-02  0.46224794      1.80068836E-02
   27.500000      1.58674754E-02  2.31665149E-02  0.42503381      1.90848019E-02
   27.550001      1.43987909E-02  2.10222341E-02  0.38569292      2.00536754E-02
   27.600000      1.28589477E-02  1.87740643E-02  0.34444591      2.09090579E-02
   27.650000      1.12563046E-02  1.64342038E-02  0.30151674      2.16472950E-02
   27.700001      9.59951337E-03  1.40152890E-02  0.25713715      2.22653579E-02
   27.750000      7.89773930E-03  1.15306992E-02  0.21155261      2.27607731E-02
   27.800001      6.16000453E-03  8.99360608E-03  0.16500482      2.31318530E-02
   27.850000      4.39575408E-03  6.41780160E-03  0.11774679      2.33774986E-02
   27.900000      2.61454727E-03  3.81723908E-03  7.00345114E-02  2.34972909E-02
   27.950001      8.25718511E-04  1.20554911E-03  2.21180934E-02  2.34915186E-02
   28.000000     -9.61018959E-04 -1.40308775E-03 -2.57423129E-02  2.33611055E-02
   28.050001     -2.73636961E-03 -3.99509957E-03 -7.32977018E-02  2.31076181E-02
   28.100000     -4.49076062E-03 -6.55651046E-03 -0.12029166      2.27332991E-02
   28.150000     -6.21504290E-03 -9.07396246E-03 -0.16647910      2.22409796E-02
   28.200001     -7.90025201E-03 -1.15343686E-02 -0.21161994      2.16340683E-02
   28.250000     -9.53748636E-03 -1.39247319E-02 -0.25547570      2.09166147E-02
   28.300001     -1.11182211E-02 -1.62326042E-02 -0.29781803      2.00931951E-02
   28.350000     -1.26341805E-02 -1.84459053E-02 -0.33842525      1.91689618E-02
   28.400000     -1.40776271E-02 -2.05533355E-02 -0.37709004      1.81494858E-02
   28.450001     -1.54412165E-02 -2.25441772E-02 -0.41361582      1.70407724E-02
   28.500000     -1.67178493E-02 -2.44080611E-02 -0.44781229      1.58494338E-02
   28.550001     -1.79011803E-02 -2.61357240E-02 -0.47950956      1.45822354E-02
   28.600000     -1.89851280E-02 -2.77182870E-02 -0.50854474      1.32465465E-02
   28.650000     -1.99643970E-02 -2.91480217E-02 -0.53477591      1.18497834E-02
   28.700001     -2.08340473E-02 -3.04177087E-02 -0.55807078      1.03999050E-02
   28.750000     -2.15899330E-02 -3.15213054E-02 -0.57831830      8.90482217E-03
   28.800001     -2.22283863E-02 -3.24534476E-02 -0.59542024      7.37282960E-03
   28.850000     -2.27463990E-02 -3.32097448E-02 -0.60929596      5.81238279E-03
   28.900000     -2.31416747E-02 -3.37868445E-02 -0.61988395      4.23186505E-03
   28.950001     -2.34125480E-02 -3.41823213E-02 -0.62713969      2.63970089E-03
   29.000000     -2.35579815E-02 -3.43946517E-02 -0.63103539      1.04456884E-03
   29.050001     -2.35776491E-02 -3.44233662E-02 -0.63156217     -5.45227609E-04
   29.100000     -2.34718788E-02 -3.42689417E-02 -0.62872899     -2.12113978E-03
   29.150000     -2.32416503E-02 -3.39328088E-02 -0.62256199     -3.67508037E-03
   29.200001     -2.28886157E-02 -3.34173813E-02 -0.61310542     -5.19888476E-03
   29.250000     -2.24150997E-02 -3.27260457E-02 -0.60042161     -6.68461248E-03
   29.300001     -2.18239799E-02 -3.18630114E-02 -0.58458763     -8.12480692E-03
   29.350000     -2.11188570E-02 -3.08335312E-02 -0.56569976     -9.51199885E-03
   29.400000     -2.03038361E-02 -2.96436027E-02 -0.54386824     -1.08392788E-02
   29.450001     -1.93835720E-02 -2.83000153E-02 -0.51921761     -1.21000856E-02
   29.500000     -1.83634032E-02 -2.68105678E-02 -0.49189085     -1.32880621E-02
   29.550001     -1.72489807E-02 -2.51835119E-02 -0.46203944     -1.43975299E-02
   29.600000     -1.60465948E-02 -2.34280303E-02 -0.42983180     -1.54230809E-02
   29.650000     -1.47629995E-02 -2.15539802E-02 -0.39544880     -1.63597967E-02
   29.700001     -1.34051526E-02 -1.95715241E-02 -0.35907683     -1.72034148E-02
   29.750000     -1.19806584E-02 -1.74917616E-02 -0.32091963     -1.79499928E-02
   29.800001     -1.04971593E-02 -1.53258527E-02 -0.28118193     -1.85963213E-02
   29.850000     -8.96288734E-03 -1.30858151E-02 -0.24008419     -1.91395655E-02
   29.900000     -7.38608651E-03 -1.07836863E-02 -0.19784725     -1.95775833E-02
   29.950001     -5.77519136E-03 -8.43177922E-03 -0.15469703     -1.99087635E-02
   30.000000     -4.13895259E-03 -6.04287116E-03 -0.11086798     -2.01320425E-02
   30.050001     -2.48623476E-03 -3.62990261E-03 -6.65974692E-02 -2.02469435E-02
   30.100000     -8.25700234E-04 -1.20552233E-03 -2.21176017E-02 -2.02536043E-02
   30.150000      8.33631260E-04  1.21710170E-03  2.23300457E-02 -2.01526918E-02
   30.200001      2.48312135E-03  3.62535729E-03  6.65140748E-02 -1.99454501E-02
   30.250000      4.11386834E-03  6.00624783E-03  0.11019604     -1.96336973E-02
   30.300001      5.71744097E-03  8.34746379E-03  0.15315011     -1.92197431E-02
   30.350000      7.28524197E-03  1.06364535E-02  0.19514598     -1.87064987E-02
   30.400000      8.80914647E-03  1.28613543E-02  0.23596601     -1.80973131E-02
   30.450001      1.02812788E-02  1.50106670E-02  0.27539924     -1.73960086E-02
   30.500000      1.16939060E-02  1.70731042E-02  0.31323859     -1.66069344E-02
   30.550001      1.30397202E-02  1.90379918E-02  0.34928820     -1.57348402E-02
   30.600000      1.43117215E-02  2.08951142E-02  0.38336065     -1.47849442E-02
   30.650000      1.55034708E-02  2.26350669E-02  0.41528338     -1.37627413E-02
   30.700001      1.66089498E-02  2.42490675E-02  0.44489530     -1.26740644E-02
   30.750000      1.76224522E-02  2.57287808E-02  0.47204342     -1.15252212E-02
   30.800001      1.85389984E-02  2.70669386E-02  0.49659449     -1.03225745E-02
   30.850000      1.93539392E-02  2.82567516E-02  0.51842386     -9.07297153E-03
   30.900000      2.00633574E-02  2.92925052E-02  0.53742671     -7.78320478E-03
   30.950001      2.06637811E-02  3.01691219E-02  0.55350995     -6.46043150E-03
   31.000000      2.11523473E-02  3.08824293E-02  0.56659693     -5.11194579E-03
   31.050001      2.15268750E-02  3.14292386E-02  0.57662916     -3.74492118E-03
   31.100000      2.17857007E-02  3.18071246E-02  0.58356220     -2.36686040E-03
   31.150000      2.19278429E-02  3.20146494E-02  0.58736968     -9.85067105E-04
   31.200001      2.19529197E-02  3.20512615E-02  0.58804137      3.93184950E-04
   31.250000      2.18611695E-02  3.19173075E-02  0.58558375      1.76047103E-03
   31.300001      2.16534436E-02  3.16140279E-02  0.58001953      3.10975756E-03
   31.350000      2.13312414E-02  3.11436113E-02  0.57138884      4.43386845E-03
   31.400000      2.08965987E-02  3.05090360E-02  0.55974633      5.72608598E-03
   31.450001      2.03522034E-02  2.97142193E-02  0.54516387      6.97969319E-03
   31.500000      1.97013319E-02  2.87639443E-02  0.52772933      8.18822812E-03
   31.550001      1.89477094E-02  2.76636556E-02  0.50754243      9.34569724E-03
   31.600000      1.80957466E-02  2.64197905E-02  0.48472133      1.04461722E-02
   31.650000      1.71502437E-02  2.50393562E-02  0.45939463      1.14842374E-02
   31.700001      1.61164626E-02  2.35300362E-02  0.43170330      1.24548376E-02
   31.750000      1.50002837E-02  2.19004136E-02  0.40180477      1.33531503E-02
   31.800001      1.38077773E-02  2.01593544E-02  0.36986172      1.41749624E-02
   31.850000      1.25455791E-02  1.83165465E-02  0.33605188      1.49163557E-02
   31.900000      1.12206852E-02  1.63822006E-02  0.30056262      1.55738620E-02
   31.950001      9.84019041E-03  1.43666789E-02  0.26358405      1.61445942E-02
   32.000000      8.41175020E-03  1.22811561E-02  0.22532117      1.66260097E-02
   32.049999      6.94303447E-03  1.01368297E-02  0.18597944      1.70161482E-02
   32.100002      5.44181094E-03  7.94504397E-03  0.14576696      1.73135325E-02
   32.150002      3.91647173E-03  5.71804913E-03  0.10490849      1.75171010E-02
   32.200001      2.37504137E-03  3.46756051E-03  6.36189952E-02  1.76263973E-02
   32.250000      8.25679104E-04  1.20549160E-03  2.21170355E-02  1.76414214E-02
   32.299999     -7.23197008E-04 -1.05586776E-03 -1.93719026E-02  1.75626744E-02
   32.350002     -2.26351968E-03 -3.30473855E-03 -6.06317148E-02  1.73911434E-02
   32.400002     -3.78704886E-03 -5.52909169E-03 -0.10144170      1.71283185E-02
   32.450001     -5.28566353E-03 -7.71706924E-03 -0.14158432      1.67761687E-02
   32.500000     -6.75155688E-03 -9.85727273E-03 -0.18085043      1.63371041E-02
   32.549999     -8.17704108E-03 -1.19384797E-02 -0.21903414      1.58139803E-02
   32.600002     -9.55480710E-03 -1.39500191E-02 -0.25593963      1.52100241E-02
   32.650002     -1.08773923E-02 -1.58809926E-02 -0.29136702      1.45290531E-02
   32.700001     -1.21380854E-02 -1.77216046E-02 -0.32513654      1.37750870E-02
   32.750000     -1.33304372E-02 -1.94624402E-02 -0.35707548      1.29525326E-02
   32.799999     -1.44481957E-02 -2.10943650E-02 -0.38701630      1.20662423E-02
   32.850002     -1.54858157E-02 -2.26092916E-02 -0.41481051      1.11211669E-02
   32.900002     -1.64378118E-02 -2.39992067E-02 -0.44031110      1.01228664E-02
   32.950001     -1.72994994E-02 -2.52572689E-02 -0.46339267      9.07686166E-03
   33.000000     -1.80665702E-02 -2.63771936E-02 -0.48393980      7.98898656E-03
   33.049999     -1.87352393E-02 -2.73534488E-02 -0.50185108      6.86525973E-03
   33.100002     -1.93023011E-02 -2.81813610E-02 -0.51704067      5.71173755E-03
   33.150002     -1.97649337E-02 -2.88568027E-02 -0.52943295      4.53494815E-03
   33.200001     -2.01210696E-02 -2.93767639E-02 -0.53897268      3.34109436E-03
   33.250000     -2.03691050E-02 -2.97388937E-02 -0.54561663      2.13672849E-03
   33.299999     -2.05080640E-02 -2.99417749E-02 -0.54933882      9.28238558E-04
   33.350002     -2.05375347E-02 -2.99848020E-02 -0.55012828     -2.78070132E-04
   33.400002     -2.04576813E-02 -2.98682172E-02 -0.54798931     -1.47556420E-03
   33.450001     -2.02692673E-02 -2.95931306E-02 -0.54294229     -2.65807286E-03
   33.500000     -1.99736133E-02 -2.91614737E-02 -0.53502274     -3.81941767E-03
   33.549999     -1.95725895E-02 -2.85759829E-02 -0.52428079     -4.95362515E-03
   33.600002     -1.90686528E-02 -2.78402325E-02 -0.51078200     -6.05478184E-03
   33.650002     -1.84648223E-02 -2.69586407E-02 -0.49460757     -7.11719086E-03
   33.700001     -1.77645404E-02 -2.59362310E-02 -0.47584951     -8.13556183E-03
   33.750000     -1.69718880E-02 -2.47789565E-02 -0.45461708     -9.10464860E-03
   33.799999     -1.60913151E-02 -2.34933197E-02 -0.43102965     -1.00196563E-02
   33.850002     -1.51276579E-02 -2.20863800E-02 -0.40521666     -1.08761424E-02
   33.900002     -1.40864812E-02 -2.05662642E-02 -0.37732723     -1.16697326E-02
   33.950001     -1.29734548E-02 -1.89412441E-02 -0.34751317     -1.23966783E-02
   34.000000     -1.17947012E-02 -1.72202643E-02 -0.31593850     -1.30535197E-02
   34.049999     -1.05566122E-02 -1.54126547E-02 -0.28277451     -1.36372177E-02
   34.100002     -9.26600397E-03 -1.35283656E-02 -0.24820362     -1.41450604E-02
   34.150002     -7.92988762E-03 -1.15776360E-02 -0.21241377     -1.45748109E-02
   34.200001     -6.55557029E-03 -9.57113318E-03 -0.17560065     -1.49246175E-02
   34.250000     -5.15039964E-03 -7.51958368E-03 -0.13796107     -1.51931234E-02
   34.299999     -3.72193241E-03 -5.43402135E-03 -9.96974632E-02 -1.53793776E-02
   34.350002     -2.27767695E-03 -3.32540832E-03 -6.10109419E-02 -1.54828830E-02
   34.400002     -8.25655530E-04 -1.20545714E-03 -2.21164040E-02 -1.55035388E-02
   34.450001      6.26542547E-04  9.14752076E-04  1.67828687E-02 -1.54417362E-02
   34.500000      2.07127421E-03  3.02406051E-03  5.54821417E-02 -1.52982781E-02
   34.549999      3.50073259E-03  5.11106988E-03  9.37723070E-02 -1.50744049E-02
   34.600002      4.90758615E-03  7.16507621E-03  0.13145696     -1.47717241E-02
   34.650002      6.28412981E-03  9.17483028E-03  0.16832972     -1.43923657E-02
   34.700001      7.62328319E-03  1.11299939E-02  0.20420092     -1.39387511E-02
   34.750000      8.91803764E-03  1.30203348E-02  0.23888282     -1.34137142E-02
   34.799999      1.01616383E-02  1.48359919E-02  0.27219450     -1.28204515E-02
   34.850002      1.13477455E-02  1.65677089E-02  0.30396613     -1.21624246E-02
   34.900002      1.24699725E-02  1.82061587E-02  0.33402663     -1.14436327E-02
   34.950001      1.35227153E-02  1.97431650E-02  0.36222595     -1.06681278E-02
   35.000000      1.45004718E-02  2.11706888E-02  0.38841659     -9.84042510E-03
   35.049999      1.53983133E-02  2.24815384E-02  0.41246659     -8.96517653E-03
   35.100002      1.62117779E-02  2.36691963E-02  0.43425643     -8.04719329E-03
   35.150002      1.69366114E-02  2.47274544E-02  0.45367220     -7.09177833E-03
   35.200001      1.75693054E-02  2.56511848E-02  0.47061980     -6.10411726E-03
   35.250000      1.81067567E-02  2.64358632E-02  0.48501626     -5.08963224E-03
   35.299999      1.85463987E-02  2.70777438E-02  0.49679273     -4.05379990E-03
   35.350002      1.88861415E-02  2.75737680E-02  0.50589323     -3.00228642E-03
   35.400002      1.91244539E-02  2.79217027E-02  0.51227677     -1.94081303E-03
   35.450001      1.92603767E-02  2.81201508E-02  0.51591766     -8.74956080E-04
   35.500000      1.92934647E-02  2.81684585E-02  0.51680398      1.89496845E-04
   35.549999      1.92238390E-02  2.80668065E-02  0.51493895      1.24696328E-03
   35.600002      1.90521386E-02  2.78161243E-02  0.51033974      2.29198276E-03
   35.650002      1.87795963E-02  2.74182111E-02  0.50303924      3.31886439E-03
   35.700001      1.84079297E-02  2.68755779E-02  0.49308366      4.32237377E-03
   35.750000      1.79393943E-02  2.61915158E-02  0.48053321      5.29731857E-03
   35.799999      1.73767172E-02  2.53700092E-02  0.46546105      6.23873807E-03
   35.850002      1.67231727E-02  2.44158339E-02  0.44795492      7.14176986E-03
   35.900002      1.59824919E-02  2.33344398E-02  0.42811471      8.00184254E-03
   35.950001      1.51588982E-02  2.21319925E-02  0.40605351      8.81458633E-03
   36.000000      1.42569607E-02  2.08151639E-02  0.38189378      9.57600307E-03
   36.049999      1.32816946E-02  1.93912741E-02  0.35576984      1.02823377E-02
   36.100002      1.22383721E-02  1.78680234E-02  0.32782289      1.09302131E-02
   36.150002      1.11329453E-02  1.62541009E-02  0.29821238      1.15163820E-02
   36.200001      9.97135695E-03  1.45581802E-02  0.26709753      1.20381452E-02
   36.250000      8.75986833E-03  1.27894087E-02  0.23464605      1.24931168E-02
   36.299999      7.50518730E-03  1.09575735E-02  0.20103754      1.28791956E-02
   36.350002      6.21396815E-03  9.07239411E-03  0.16645034      1.31947575E-02
   36.400002      4.89324098E-03  7.14413216E-03  0.13107270      1.34384986E-02
   36.450001      3.55017814E-03  5.18326042E-03  9.50967669E-02  1.36095034E-02
   36.500000      2.19191075E-03  3.20018991E-03  5.87135740E-02  1.37072820E-02
   36.549999      8.25700990E-04  1.20552338E-03  2.21176203E-02  1.37317153E-02
   36.600002     -5.41310932E-04 -7.90313992E-04 -1.44998142E-02  1.36830676E-02
   36.650002     -1.90157106E-03 -2.77629378E-03 -5.09363934E-02  1.35620041E-02
   36.700001     -3.24801030E-03 -4.74209525E-03 -8.70027542E-02  1.33695612E-02
   36.750000     -4.57357801E-03 -6.67742454E-03 -0.12251005      1.31071322E-02
   36.799999     -5.87114692E-03 -8.57187435E-03 -0.15726735      1.27765117E-02
   36.850002     -7.13409483E-03 -1.04157794E-02 -0.19109729      1.23797739E-02
   36.900002     -8.35553929E-03 -1.21990880E-02 -0.22381549      1.19194603E-02
   36.950001     -9.52923391E-03 -1.39126824E-02 -0.25525463      1.13983164E-02
   37.000000     -1.06490701E-02 -1.55476425E-02 -0.28525111      1.08194407E-02
   37.049999     -1.17092393E-02 -1.70954894E-02 -0.31364927      1.01862121E-02
   37.100002     -1.27043668E-02 -1.85483769E-02 -0.34030527      9.50221065E-03
   37.150002     -1.36291329E-02 -1.98985338E-02 -0.36507648      8.77147727E-03
   37.200001     -1.44789591E-02 -2.11392827E-02 -0.38784033      7.99803250E-03
   37.250000     -1.52494404E-02 -2.22641844E-02 -0.40847883      7.18628708E-03
   37.299999     -1.59367435E-02 -2.32676454E-02 -0.42688924      6.34071371E-03
   37.350002     -1.65374912E-02 -2.41447389E-02 -0.44298115      5.46588749E-03
   37.400002     -1.70485992E-02 -2.48909555E-02 -0.45667198      4.56678681E-03
   37.450001     -1.74676590E-02 -2.55027823E-02 -0.46789706      3.64822219E-03
   37.500000     -1.77926850E-02 -2.59773191E-02 -0.47660333      2.71516922E-03
   37.549999     -1.80222113E-02 -2.63124295E-02 -0.48275158      1.77260709E-03
   37.600002     -1.81552507E-02 -2.65066661E-02 -0.48631522      8.25634401E-04
   37.650002     -1.81913562E-02 -2.65593790E-02 -0.48728237     -1.20651508E-04
   37.700001     -1.81305949E-02 -2.64706686E-02 -0.48565477     -1.06133218E-03
   37.750000     -1.79735534E-02 -2.62413882E-02 -0.48144820     -1.99134857E-03
   37.799999     -1.77213196E-02 -2.58731265E-02 -0.47469175     -2.90587218E-03
   37.850002     -1.73754469E-02 -2.53681522E-02 -0.46542704     -3.80022568E-03
   37.900002     -1.69380922E-02 -2.47296132E-02 -0.45371181     -4.66958387E-03
   37.950001     -1.64117888E-02 -2.39612125E-02 -0.43961406     -5.50956046E-03
   38.000000     -1.57995392E-02 -2.30673291E-02 -0.42321405     -6.31589442E-03
   38.049999     -1.51048843E-02 -2.20531318E-02 -0.40460664     -7.08440039E-03
   38.100002     -1.43316612E-02 -2.09242254E-02 -0.38389471     -7.81127904E-03
   38.150002     -1.34842210E-02 -1.96869634E-02 -0.36119479     -8.49285163E-03
   38.200001     -1.25673143E-02 -1.83482803E-02 -0.33663413     -9.12570581E-03
   38.250000     -1.15859546E-02 -1.69154946E-02 -0.31034693     -9.70677659E-03
   38.299999     -1.05455276E-02 -1.53964702E-02 -0.28247753     -1.02332486E-02
   38.350002     -9.45159979E-03 -1.37993358E-02 -0.25317508     -1.07026631E-02
   38.400002     -8.31035525E-03 -1.21331187E-02 -0.22260515     -1.11127244E-02
   38.450001     -7.12787220E-03 -1.04066934E-02 -0.19093059     -1.14616202E-02
   38.500000     -5.91047993E-03 -8.62930156E-03 -0.15832095     -1.17478296E-02
   38.549999     -4.66486765E-03 -6.81070657E-03 -0.12495537     -1.19701279E-02
   38.600002     -3.39753437E-03 -4.96040052E-03 -9.10079852E-02 -1.21276965E-02
   38.650002     -2.11553834E-03 -3.08868592E-03 -5.66678196E-02 -1.22200027E-02
   38.700001     -8.25601106E-04 -1.20537763E-03 -2.21149456E-02 -1.22469123E-02
   38.750000      4.65399120E-04  6.79482706E-04  1.24664027E-02 -1.22086182E-02
   38.799999      1.75059633E-03  2.55587068E-03  4.68923114E-02 -1.21056624E-02
   38.850002      3.02330544E-03  4.41402616E-03  8.09837058E-02 -1.19389035E-02
   38.900002      4.27652709E-03  6.24372950E-03  0.11455310     -1.17095849E-02
   38.950001      5.50384540E-03  8.03561509E-03  0.14742865     -1.14192190E-02
   39.000000      6.69867406E-03  9.78006423E-03  0.17943390     -1.10696852E-02
   39.049999      7.85480998E-03  1.14680221E-02  0.21040268     -1.06631285E-02
   39.100002      8.96631833E-03  1.30908256E-02  0.24017611     -1.02019496E-02
   39.150002      1.00271720E-02  1.46396719E-02  0.26859266     -9.68896691E-03
   39.200001      1.10319806E-02  1.61066931E-02  0.29550794     -9.12712142E-03
   39.250000      1.19755426E-02  1.74842924E-02  0.32078263     -8.51964578E-03
   39.299999      1.28530432E-02  1.87654439E-02  0.34428778     -7.86995981E-03
   39.350002      1.36599354E-02  1.99435055E-02  0.36590156     -7.18175434E-03
   39.400002      1.43920695E-02  2.10124217E-02  0.38551286     -6.45891903E-03
   39.450001      1.50458198E-02  2.19668970E-02  0.40302455     -5.70538733E-03
   39.500000      1.56178409E-02  2.28020474E-02  0.41834697     -4.92539257E-03
   39.549999      1.61053352E-02  2.35137902E-02  0.43140522     -4.12316853E-03
   39.600002      1.65059604E-02  2.40987036E-02  0.44213659     -3.30299861E-03
   39.650002      1.68177243E-02  2.45538801E-02  0.45048764     -2.46949610E-03
   39.700001      1.70392394E-02  2.48772893E-02  0.45642123     -1.62706734E-03
   39.750000      1.71695519E-02  2.50675473E-02  0.45991185     -7.80226779E-04
   39.799999      1.72082037E-02  2.51239780E-02  0.46094719      6.65530097E-05
   39.850002      1.71552040E-02  2.50465982E-02  0.45952749      9.08734626E-04
   39.900002      1.70110706E-02  2.48361640E-02  0.45566666      1.74187147E-03
   39.950001      1.67768076E-02  2.44941395E-02  0.44939163      2.56154453E-03
   40.000000      1.64538827E-02  2.40226686E-02  0.44074160      3.36351432E-03
   40.049999      1.60442349E-02  2.34245844E-02  0.42976856      4.14361432E-03
   40.100002      1.55502027E-02  2.27032956E-02  0.41653520      4.89789061E-03
   40.150002      1.49747236E-02  2.18630973E-02  0.40112010      5.62231150E-03
   40.200001      1.43210161E-02  2.09086835E-02  0.38360959      6.31325971E-03
   40.250000      1.35927089E-02  1.98453553E-02  0.36410081      6.96727075E-03
   40.299999      1.27939340E-02  1.86791457E-02  0.34270445      7.58098671E-03
   40.350002      1.19290315E-02  1.74163859E-02  0.31953675      8.15141294E-03
   40.400002      1.10028051E-02  1.60640962E-02  0.29472640      8.67570750E-03
   40.450001      1.00203808E-02  1.46297570E-02  0.26841071      9.15128645E-03
   40.500000      8.98707751E-03  1.31211337E-02  0.24073216      9.57589503E-03
   40.549999      7.90851284E-03  1.15464292E-02  0.21184123      9.94753651E-03
   40.600002      6.79041399E-03  9.91400518E-03  0.18189129      1.02645243E-02
   40.650002      5.63905714E-03  8.23302381E-03  0.15105049      1.05253803E-02
   40.700001      4.46053036E-03  6.51237415E-03  0.11948189      1.07290335E-02
   40.750000      3.26110283E-03  4.76121018E-03  8.73534605E-02  1.08746886E-02
   40.799999      2.04732874E-03  2.98910006E-03  5.48407286E-02  1.09618399E-02
   40.850002      8.25506460E-04  1.20523944E-03  2.21124124E-02  1.09903207E-02
   40.900002     -3.97592958E-04 -5.80485736E-04 -1.06501151E-02  1.09602613E-02
   40.950001     -1.61559053E-03 -2.35876231E-03 -4.32759821E-02  1.08721126E-02
   41.000000     -2.82202265E-03 -4.12015337E-03 -7.55920559E-02  1.07266251E-02
   41.049999     -4.01050318E-03 -5.85533446E-03 -0.10742725      1.05248531E-02
   41.100002     -5.17487712E-03 -7.55532039E-03 -0.13861673      1.02681071E-02
   41.150002     -6.30876888E-03 -9.21080261E-03 -0.16898970      9.95807443E-03
   41.200001     -7.40640331E-03 -1.08133489E-02 -0.19839148      9.59661230E-03
   41.250000     -8.46191682E-03 -1.23543981E-02 -0.22666495      9.18592606E-03
   41.299999     -9.46985837E-03 -1.38259931E-02 -0.25366417      8.72841850E-03
   41.350002     -1.04250805E-02 -1.52206179E-02 -0.27925122      8.22668802E-03
   41.400002     -1.13224322E-02 -1.65307522E-02 -0.30328810      7.68371532E-03
   41.450001     -1.21573852E-02 -1.77497827E-02 -0.32565355      7.10253138E-03
   41.500000     -1.29256491E-02 -1.88714489E-02 -0.34623262      6.48640562E-03
   41.549999     -1.36233363E-02 -1.98900718E-02 -0.36492121      5.83874248E-03
   41.600002     -1.42468615E-02 -2.08004173E-02 -0.38162327      5.16316015E-03
   41.650002     -1.47930635E-02 -2.15978734E-02 -0.39625406      4.46341839E-03
   41.700001     -1.52592799E-02 -2.22785491E-02 -0.40874237      3.74327414E-03
   41.750000     -1.56431738E-02 -2.28390340E-02 -0.41902554      3.00672185E-03
   41.799999     -1.59429274E-02 -2.32766736E-02 -0.42705485      2.25771242E-03
   41.850002     -1.61571670E-02 -2.35894639E-02 -0.43279362      1.50020246E-03
   41.900002     -1.62849110E-02 -2.37759724E-02 -0.43621543      7.38410687E-04
   41.950001     -1.63257178E-02 -2.38355473E-02 -0.43730846     -2.36772812E-05
   42.000000     -1.62795726E-02 -2.37681754E-02 -0.43607241     -7.82014802E-04
   42.049999     -1.61469206E-02 -2.35745050E-02 -0.43251914     -1.53263379E-03
   42.100002     -1.59286726E-02 -2.32558623E-02 -0.42667305     -2.27154582E-03
   42.150002     -1.56261921E-02 -2.28142422E-02 -0.41857070     -2.99488404E-03
   42.200001     -1.52413109E-02 -2.22523138E-02 -0.40826106     -3.69884656E-03
   42.250000     -1.47762550E-02 -2.15733331E-02 -0.39580387     -4.37982613E-03
   42.299999     -1.42336898E-02 -2.07811873E-02 -0.38127044     -5.03431587E-03
   42.350002     -1.36166122E-02 -1.98802557E-02 -0.36474112     -5.65903215E-03
   42.400002     -1.29286088E-02 -1.88757703E-02 -0.34631190     -6.25066552E-03
   42.450001     -1.21734459E-02 -1.77732315E-02 -0.32608375     -6.80630142E-03
   42.500000     -1.13552520E-02 -1.65786687E-02 -0.30416721     -7.32318452E-03
   42.549999     -1.04786102E-02 -1.52987717E-02 -0.28068507     -7.79869827E-03
   42.600002     -9.54817887E-03 -1.39403418E-02 -0.25576210     -8.23058281E-03
   42.650002     -8.56922660E-03 -1.25110717E-02 -0.22953942     -8.61666258E-03
   42.700001     -7.54697761E-03 -1.10185873E-02 -0.20215695     -8.95514805E-03
   42.750000     -6.48696907E-03 -9.47097503E-03 -0.17376307     -9.24446341E-03
   42.799999     -5.39492536E-03 -7.87659083E-03 -0.14451106     -9.48330481E-03
   42.850002     -4.27661045E-03 -6.24385104E-03 -0.11455533     -9.67065804E-03
   42.900002     -3.13826511E-03 -4.58186725E-03 -8.40630755E-02 -9.80572496E-03
   42.950001     -1.98581372E-03 -2.89928843E-03 -5.31929620E-02 -9.88806225E-03
   43.000000     -8.25537543E-04 -1.20528485E-03 -2.21132450E-02 -9.91746504E-03
   43.049999      3.36435682E-04  4.91196115E-04  9.01192799E-03 -9.89402831E-03
   43.100002      1.49404362E-03  2.18130369E-03  4.00201678E-02 -9.81811434E-03
   43.150002      2.64089927E-03  3.85571318E-03  7.07403943E-02 -9.69038345E-03
   43.200001      3.77105013E-03  5.50573319E-03  0.10101316     -9.51174740E-03
   43.250000      4.87852516E-03  7.12264702E-03  0.13067850     -9.28339083E-03
   43.299999      5.95754385E-03  8.69801454E-03  0.15958163     -9.00674053E-03
   43.350002      7.00237416E-03  1.02234669E-02  0.18756895     -8.68349709E-03
   43.400002      8.00748821E-03  1.16909333E-02  0.21449240     -8.31561070E-03
   43.450001      8.96773580E-03  1.30928950E-02  0.24021408     -7.90520664E-03
   43.500000      9.87801421E-03  1.44219017E-02  0.26459724     -7.45469565E-03
   43.549999      1.07336501E-02  1.56711284E-02  0.28751668     -6.96663745E-03
   43.600002      1.15302969E-02  1.68342348E-02  0.30885607     -6.44373661E-03
   43.650002      1.22636892E-02  1.79049857E-02  0.32850105     -5.88903762E-03
   43.700001      1.29301567E-02  1.88780297E-02  0.34635335     -5.30557940E-03
   43.750000      1.35263093E-02  1.97484121E-02  0.36232218     -4.69659129E-03
   43.799999      1.40491622E-02  2.05117781E-02  0.37632760     -4.06538835E-03
   43.850002      1.44960703E-02  2.11642627E-02  0.38829866     -3.41545418E-03
   43.900002      1.48648117E-02  2.17026249E-02  0.39817595     -2.75036087E-03
   43.950001      1.51536288E-02  2.21242979E-02  0.40591234     -2.07367423E-03
   44.000000      1.53611852E-02  2.24273335E-02  0.41147211     -1.38896855E-03
   44.049999      1.54865179E-02  2.26103179E-02  0.41482931     -7.00056844E-04
   44.100002      1.55291744E-02  2.26725936E-02  0.41597188     -1.05457148E-05
   44.150002      1.54891051E-02  2.26140954E-02  0.41489860      6.75973133E-04
   44.200001      1.53667182E-02  2.24354099E-02  0.41162029      1.35572511E-03
   44.250000      1.51628535E-02  2.21377667E-02  0.40615949      2.02520355E-03
   44.299999      1.48787769E-02  2.17230152E-02  0.39855006      2.68090027E-03
   44.350002      1.45161385E-02  2.11935639E-02  0.38883623      3.31946206E-03
   44.400002      1.40771205E-02  2.05525961E-02  0.37707651      3.93744279E-03
   44.450001      1.35641936E-02  1.98037233E-02  0.36333698      4.53172019E-03
   44.500000      1.29802525E-02  1.89511701E-02  0.34769526      5.09924721E-03
   44.549999      1.23285642E-02  1.79997031E-02  0.33023882      5.63712930E-03
   44.600002      1.16126649E-02  1.69544909E-02  0.31106240      6.14269683E-03
   44.650002      1.08366571E-02  1.58215184E-02  0.29027587      6.61330111E-03
   44.700001      1.00047300E-02  1.46069061E-02  0.26799148      7.04665668E-03
   44.750000      9.12143197E-03  1.33172907E-02  0.24433105      7.44062802E-03
   44.799999      8.19157623E-03  1.19597018E-02  0.21942347      7.79329985E-03
   44.850002      7.22010853E-03  1.05413590E-02  0.19340129      8.10301490E-03
   44.900002      6.21248875E-03  9.07023344E-03  0.16641070      8.36825371E-03
   44.950001      5.17394766E-03  7.55396439E-03  0.13859186      8.58786236E-03
   45.000000      4.11029393E-03  6.00102963E-03  0.11010030      8.76082852E-03
   45.049999      3.02713225E-03  4.41961316E-03  8.10862184E-02  8.88646673E-03
   45.100002      1.93015137E-03  2.81802122E-03  5.17019592E-02  8.96432810E-03
   45.150002      8.25444644E-04  1.20514922E-03  2.21107565E-02  8.99419375E-03
   45.200001     -2.81209883E-04 -4.10566456E-04 -7.53262313E-03  8.97612609E-03
   45.250000     -1.38392264E-03 -2.02052714E-03 -3.70704159E-02  8.91043153E-03
   45.299999     -2.47683818E-03 -3.61618400E-03 -6.63457736E-02  8.79767444E-03
   45.350002     -3.55427735E-03 -5.18924510E-03 -9.52065736E-02  8.63863714E-03
   45.400002     -4.61031962E-03 -6.73106685E-03 -0.12349424      8.43440369E-03
   45.450001     -5.63950930E-03 -8.23368412E-03 -0.15106259      8.18624068E-03
   45.500000     -6.63643191E-03 -9.68919042E-03 -0.17776665      7.89566152E-03
   45.549999     -7.59585714E-03 -1.10899517E-02 -0.20346627      7.56439380E-03
   45.600002     -8.51285830E-03 -1.24287726E-02 -0.22802950      7.19433557E-03
   45.650002     -9.38245934E-03 -1.36983916E-02 -0.25132304      6.78769592E-03
   45.700001     -1.02002388E-02 -1.48923481E-02 -0.27322847      6.34676032E-03
   45.750000     -1.09619601E-02 -1.60044599E-02 -0.29363227      5.87401818E-03
   45.799999     -1.16637638E-02 -1.70290973E-02 -0.31243119      5.37206698E-03
   45.850002     -1.23019041E-02 -1.79607794E-02 -0.32952467      4.84380079E-03
   45.900002     -1.28732566E-02 -1.87949575E-02 -0.34482923      4.29203315E-03
   45.950001     -1.33748092E-02 -1.95272230E-02 -0.35826409      3.71990772E-03
   46.000000     -1.38041107E-02 -2.01540031E-02 -0.36976355      3.13049718E-03
   46.049999     -1.41590349E-02 -2.06721928E-02 -0.37927070      2.52700574E-03
   46.100002     -1.44378804E-02 -2.10793074E-02 -0.38674000      1.91263412E-03
   46.150002     -1.46392696E-02 -2.13733353E-02 -0.39213449      1.29082042E-03
   46.200001     -1.47623345E-02 -2.15530097E-02 -0.39543098      6.64834923E-04
   46.250000     -1.48065891E-02 -2.16176193E-02 -0.39661637      3.80200509E-05
   46.299999     -1.47719672E-02 -2.15670727E-02 -0.39568901     -5.86292241E-04
   46.350002     -1.46588087E-02 -2.14018617E-02 -0.39265788     -1.20486191E-03
   46.400002     -1.44679081E-02 -2.11231448E-02 -0.38754430     -1.81429950E-03
   46.450001     -1.42004397E-02 -2.07326412E-02 -0.38037977     -2.41147354E-03
   46.500000     -1.38579924E-02 -2.02326681E-02 -0.37120679     -2.99326493E-03
   46.549999     -1.34425461E-02 -1.96261164E-02 -0.36007845     -3.55664990E-03
   46.600002     -1.29564153E-02 -1.89163666E-02 -0.34705672     -4.09877254E-03
   46.650002     -1.24024358E-02 -1.81075558E-02 -0.33221754     -4.61673131E-03
   46.700001     -1.17836548E-02 -1.72041357E-02 -0.31564260     -5.10793552E-03
   46.750000     -1.11034261E-02 -1.62110031E-02 -0.29742169     -5.56994136E-03
   46.799999     -1.03656417E-02 -1.51338372E-02 -0.27765903     -6.00031903E-03
   46.850002     -9.57419351E-03 -1.39783239E-02 -0.25645894     -6.39700983E-03
   46.900002     -8.73357151E-03 -1.27510149E-02 -0.23394164     -6.75796857E-03
   46.950001     -7.84827210E-03 -1.14584779E-02 -0.21022758     -7.08147092E-03
   47.000000     -6.92309812E-03 -1.01077231E-02 -0.18544541     -7.36596016E-03
   47.049999     -5.96305449E-03 -8.70606024E-03 -0.15972923     -7.61009147E-03
   47.100002     -4.97321645E-03 -7.26089627E-03 -0.13321497     -7.81275891E-03
   47.150002     -3.95911932E-03 -5.78031410E-03 -0.10605086     -7.97301903E-03
   47.200001     -2.92610424E-03 -4.27211216E-03 -7.83800334E-02 -8.09022225E-03
   47.250000     -1.87970698E-03 -2.74437224E-03 -5.03507294E-02 -8.16392992E-03
   47.299999     -8.25520547E-04 -1.20525993E-03 -2.21127868E-02 -8.19393434E-03
   47.350002      2.30942329E-04  3.37175821E-04  6.18613185E-03 -8.18025786E-03
   47.400002      1.28383760E-03  1.87440286E-03  3.43894884E-02 -8.12315941E-03
   47.450001      2.32768292E-03  3.39841680E-03  6.23504221E-02 -8.02312419E-03
   47.500000      3.35694570E-03  4.90114046E-03  8.99207443E-02 -7.88086653E-03
   47.549999      4.36628656E-03  6.37477869E-03  0.11695745     -7.69729912E-03
   47.600002      5.35016879E-03  7.81124644E-03  0.14331219     -7.47360243E-03
   47.650002      6.30351948E-03  9.20313783E-03  0.16884908     -7.21112220E-03
   47.700001      7.22142635E-03  1.05432831E-02  0.19343659     -6.91138301E-03
   47.750000      8.09888914E-03  1.18243778E-02  0.21694072     -6.57618744E-03
   47.799999      8.93142354E-03  1.30398795E-02  0.23924139     -6.20744005E-03
   47.850002      9.71477572E-03  1.41835725E-02  0.26022464     -5.80719486E-03
   47.900002      1.04447184E-02  1.52492896E-02  0.27977723     -5.37779322E-03
   47.950001      1.11175636E-02  1.62316430E-02  0.29780039     -4.92159510E-03
   48.000000      1.17298523E-02  1.71255860E-02  0.31420144     -4.44113696E-03
   48.049999      1.22784553E-02  1.79265458E-02  0.32889658     -3.93907074E-03
   48.100002      1.27606336E-02  1.86305270E-02  0.34181243     -3.41809797E-03
   48.150002      1.31738596E-02  1.92338359E-02  0.35288131     -2.88117048E-03
   48.200001      1.35161318E-02  1.97335538E-02  0.36204958     -2.33115512E-03
   48.250000      1.37857785E-02  2.01272368E-02  0.36927247     -1.77102617E-03
   48.299999      1.39815146E-02  2.04130094E-02  0.37451553     -1.20380055E-03
   48.350002      1.41024608E-02  2.05895938E-02  0.37775525     -6.32460520E-04
   48.400002      1.41481040E-02  2.06562318E-02  0.37897786     -6.01763095E-05
   48.450001      1.41183734E-02  2.06128247E-02  0.37818149      5.10067854E-04
   48.500000      1.40135670E-02  2.04598084E-02  0.37537411      1.07531075E-03
   48.549999      1.38344187E-02  2.01982521E-02  0.37057537      1.63245236E-03
   48.600002      1.35819986E-02  1.98297203E-02  0.36381394      2.17868341E-03
   48.650002      1.32578509E-02  1.93564631E-02  0.35513118      2.71103275E-03
   48.700001      1.28638260E-02  1.87811870E-02  0.34457663      3.22678825E-03
   48.750000      1.24021620E-02  1.81071572E-02  0.33221024      3.72327818E-03
   48.799999      1.18754543E-02  1.73381642E-02  0.31810158      4.19794396E-03
   48.850002      1.12865707E-02  1.64783951E-02  0.30232751      4.64840094E-03
   48.900002      1.06388954E-02  1.55327879E-02  0.28497854      5.07226074E-03
   48.950001      9.93593503E-03  1.45064648E-02  0.26614869      5.46742883E-03
   49.000000      9.18154046E-03  1.34050492E-02  0.24594115      5.83192380E-03
   49.049999      8.37983005E-03  1.22345518E-02  0.22446613      6.16393471E-03
   49.100002      7.53507297E-03  1.10012069E-02  0.20183808      6.46185875E-03
   49.150002      6.65202783E-03  9.71196033E-03  0.17818439      6.72419136E-03
   49.200001      5.73538151E-03  8.37365724E-03  0.15363067      6.94971578E-03
   49.250000      4.79007931E-03  6.99351588E-03  0.12830935      7.13738333E-03
   49.299999      3.82110407E-03  5.57881221E-03  0.10235393      7.28636654E-03
   49.350002      2.83386046E-03  4.13743639E-03  7.59091452E-02  7.39599764E-03
   49.400002      1.83353643E-03  2.67696311E-03  4.91139814E-02  7.46586872E-03
   49.450001      8.25373339E-04  1.20504515E-03  2.21088454E-02  7.49577768E-03
   49.500000     -1.85040000E-04 -2.70158402E-04 -4.95657045E-03  7.48571241E-03
   49.549999     -1.19242969E-03 -1.74094737E-03 -3.19409929E-02  7.43589783E-03
   49.600002     -2.19154730E-03 -3.19965929E-03 -5.87038398E-02  7.34674558E-03
   49.650002     -3.17688636E-03 -4.63825464E-03 -8.50976035E-02  7.21890759E-03
   49.700001     -4.14333912E-03 -6.04927540E-03 -0.11098547      7.05320900E-03
   49.750000     -5.08580217E-03 -7.42527191E-03 -0.13623074      6.85068546E-03
   49.799999     -5.99931180E-03 -8.75899568E-03 -0.16070044      6.61255652E-03
   49.850002     -6.87915646E-03 -1.00435689E-02 -0.18426839      6.34020288E-03
   49.900002     -7.72054028E-03 -1.12719890E-02 -0.20680608      6.03526272E-03
   49.950001     -8.51915870E-03 -1.24379713E-02 -0.22819826      5.69946179E-03
   50.000000     -9.27084871E-03 -1.35354390E-02 -0.24833338      5.33470511E-03
